-14 1.7333333333333334
-11 0.2785714285714286
-7 0.2785714285714286
-7 0.2785714285714286
-11 0.24761904761904763
-11 0.30952380952380953
-14 1.3309523809523809
-7 0.24761904761904763
-9 0.2785714285714286
-7 0.2785714285714286
-6 0.2785714285714286
-7 0.2785714285714286
-9 0.24761904761904763
-11 0.2785714285714286
-7 0.2785714285714286
-7 0.30952380952380953
-11 0.24761904761904763
-11 0.2785714285714286
-14 1.3928571428571428
-7 0.21666666666666667
-9 0.2785714285714286
-7 0.27671201814058954
-6 0.27782312925170066
-7 0.2502267573696145
-9 0.3404761904761905
-11 0.24761904761904763
-7 0.24761904761904763
-7 0.30952380952380953
-11 0.24761904761904763
-11 0.2785714285714286
-14 1.3309523809523809
-7 0.24761904761904763
-9 0.2785714285714286
-7 0.24761904761904763
-6 0.2785714285714286
-7 0.2785714285714286
-9 0.30952380952380953
-11 0.2681179138321996
-7 0.25807256235827664
-11 0.6190476190476191
-7 0.25780045351473924
-9 0.268390022675737
-7 0.2785714285714286
-9 0.24761904761904763
-11 0.24761904761904763
-7 0.30952380952380953
-12 0.5644444444444444
-11 0.27126984126984127
-12 0.2785714285714286
-11 0.21811791383219956
-12 0.3080725623582766
-11 0.30952380952380953
-14 2.290498866213152
