-19 1.6095238095238096
-19 2.2675736961451248E-5
-16 0.7913378684807256
-12 0.16816326530612244
-16 0.21666666666666667
-14 2.2675736961451248E-5
-23 1.5166439909297051
-12 0.09285714285714286
-14 0.15476190476190477
-16 0.15476190476190477
-24 0.010158730158730159
-17 0.546984126984127
-19 0.18571428571428572
-21 0.18571428571428572
-24 0.18571428571428572
-19 0.030952380952380953
-16 1.6404761904761904
-19 2.2675736961451248E-5
-16 0.8047392290249433
-12 0.18571428571428572
-16 0.21666666666666667
-14 2.2675736961451248E-5
-23 1.6095011337868481
-12 0.12380952380952381
-14 0.09285714285714286
-16 0.15476190476190477
-17 0.030952380952380953
-24 0.5852380952380952
-19 0.1374829931972789
-21 0.19480725623582767
-24 0.19675736961451248
-19 2.2675736961451248E-5
-16 1.1761904761904762
