-7 0.0
0 0.22
-3 0.22
-7 0.0
0 0.22
-3 0.22
-7 0.0
0 0.22
-3 0.22
-7 0.0
0 0.22
-3 0.22
-5 0.0
4 0.22
0 0.0
-3 0.22
-5 0.0
4 0.22
0 0.0
-3 0.22
-5 0.0
4 0.22
0 0.0
-3 0.22
-5 0.0
4 0.22
0 0.0
-3 0.22
-3 0.0
5 0.22
2 0.11
2 0.11
-3 0.0
5 0.22
2 0.11
2 0.11
0 0.0
7 0.22
4 0.11
4 0.11
0 0.0
7 0.22
4 0.11
4 0.11
2 0.0
5 0.22
7 0.22
9 0.22
-3 0.0
5 0.44
2 0.22
12 0.44
-5 0.0
-2 0.22
-2 0.0
2 0.22
-5 0.0
-2 0.22
-2 0.0
2 0.22
-5 0.0
-2 0.22
-2 0.0
2 0.22
-5 0.0
-2 0.22
-2 0.0
2 0.22
-5 0.0
5 0.22
-2 0.0
2 0.22
-5 0.0
5 0.22
-2 0.0
9 0.22
-5 0.22
-2 0.0
7 0.22
-5 0.0
5 0.22
-2 0.0
2 0.22
-24 0.0
-7 0.0
0 0.22
-3 0.22
-7 0.0
0 0.22
-3 0.22
-7 0.0
0 0.22
-3 0.22
-24 0.0
-7 0.0
0 0.22
-3 0.22
-20 0.0
-5 0.0
4 0.22
0 0.0
-3 0.22
-5 0.0
4 0.22
-24 0.0
0 0.0
-3 0.22
-20 0.0
-5 0.0
4 0.22
-24 0.0
0 0.0
-3 0.22
-20 0.0
-5 0.0
4 0.22
0 0.0
-3 0.22
-19 0.0
-3 0.0
5 0.22
2 0.11
2 0.11
-19 0.0
-3 0.0
5 0.22
2 0.11
2 0.11
-17 0.0
0 0.0
7 0.22
4 0.11
4 0.11
-17 0.0
0 0.0
7 0.22
4 0.11
4 0.11
-19 0.0
2 0.0
5 0.22
7 0.22
9 0.22
-22 0.0
-3 0.0
5 0.44
-22 0.0
2 0.22
-22 0.0
12 0.44
-22 0.0
-5 0.0
-2 0.22
-2 0.0
2 0.22
-5 0.0
-2 0.22
-2 0.0
2 0.22
-5 0.0
-2 0.22
-19 0.0
-2 0.0
2 0.22
-22 0.0
-5 0.0
-2 0.22
-19 0.0
-2 0.0
2 0.22
-14 0.0
-5 0.0
5 0.22
-2 0.0
2 0.22
-5 0.0
5 0.22
-19 0.0
-2 0.0
9 0.22
-5 0.22
-2 0.0
7 0.22
-5 0.0
5 0.22
-2 0.0
2 0.22
5 4.0
