-2 0.30952380952380953
-5 2.2675736961451248E-5
0 0.5261678004535147
0 0.3404761904761905
2 0.30952380952380953
3 2.2675736961451248E-5
-2 0.6390249433106576
5 0.3514285714285714
7 0.37142857142857144
5 0.030952380952380953
-5 0.5571428571428572
3 0.30952380952380953
2 0.30952380952380953
0 2.2675736961451248E-5
-5 0.8047392290249433
-2 0.3404761904761905
0 2.2675736961451248E-5
-5 0.5261678004535147
0 0.2785714285714286
2 0.30952380952380953
3 0.016848072562358277
-4 0.5402947845804988
5 0.30952380952380953
7 0.3404761904761905
8 0.06190476190476191
0 0.5571428571428572
7 0.2785714285714286
5 0.30952380952380953
7 0.6190476190476191
5 0.2785714285714286
3 0.4642857142857143
0 2.2675736961451248E-5
-5 0.4952154195011338
0 0.3404761904761905
2 0.30952380952380953
3 0.030952380952380953
-2 0.5880952380952381
3 0.09285714285714286
5 0.4023809523809524
7 0.3404761904761905
5 0.5571428571428572
3 0.30952380952380953
2 0.30952380952380953
0 0.030952380952380953
-5 1.1761904761904762
5 0.5880952380952381
3 0.30952380952380953
2 0.3333106575963719
0 0.007165532879818594
-5 0.5351020408163266
-2 0.3101360544217687
2 0.40263038548752833
0 0.03070294784580499
-5 1.9500226757369614
